name	cat	ranks	pid	tid	eid	abs_start_us	abs_end_us	rel_start_us	rel_end_us	dur_us	op_type	input_dims	input_type
allgather_ring_8_8	op	[0, 1, 2, 3, 4, 5, 6, 7]	0	0	0	1760078801824141	1760078801824141	803533	803533	0	comm	1	torch.int64
allgather_ring_4_4	op	[4, 5, 6, 7]	0	0	2	1760078804328305	1760078804328305	3307697	3307697	0	comm	[1, 2048, 64]	torch.bfloat16
allgather_ring_4_4	op	[4, 5, 6, 7]	0	0	3	1760078804328497	1760078804328497	3307888	3307888	0	comm	[1, 2048, 512]	torch.bfloat16
allgather_ring_4_4	op	[4, 5, 6, 7]	0	0	4	1760078804352386	1760078804352386	3331778	3331778	0	comm	[1, 2048, 64]	torch.bfloat16
allgather_ring_4_4	op	[4, 5, 6, 7]	0	0	5	1760078804352512	1760078804352512	3331903	3331903	0	comm	[1, 2048, 512]	torch.bfloat16
allgather_ring_4_4	op	[4, 5, 6, 7]	0	0	7	1760078804354169	1760078804354169	3333561	3333561	0	comm	[4, 512, 2048]	torch.bfloat16
allgather_ring_4_4	op	[4, 5, 6, 7]	0	0	8	1760078804385496	1760078804385496	3364888	3364888	0	comm	[4, 512, 2048]	torch.bfloat16
allreduce_ring_4_1	op	[4, 5, 6, 7]	0	0	11	1760078804431146	1760078804431146	3410538	3410538	0	comm	1	torch.float32
allreduce_ring_4_1	op	[4, 5, 6, 7]	0	0	12	1760078804431235	1760078804431235	3410627	3410627	0	comm	1	torch.float32
allgather_ring_4_4	op	[4, 5, 6, 7]	0	0	14	1760078804434420	1760078804434420	3413812	3413812	0	comm	[1, 2048, 2048]	torch.bfloat16
allreduce_ring_4_1	op	[4, 5, 6, 7]	0	0	16	1760078804464035	1760078804464035	3443427	3443427	0	comm	1	torch.float32
allreduce_ring_4_1	op	[4, 5, 6, 7]	0	0	17	1760078804464111	1760078804464111	3443503	3443503	0	comm	[8192, 6]	torch.float32
allgather_ring_4_4	op	[4, 5, 6, 7]	0	0	19	1760078804472067	1760078804472067	3451459	3451459	0	comm	[1, 1, 2048, 64]	torch.bfloat16
allgather_ring_4_4	op	[4, 5, 6, 7]	0	0	20	1760078804473379	1760078804473379	3452771	3452771	0	comm	[1, 2048, 512]	torch.bfloat16
allgather_ring_4_4	op	[4, 5, 6, 7]	0	0	21	1760078804476062	1760078804476062	3455454	3455454	0	comm	[1, 1, 2048, 64]	torch.bfloat16
allgather_ring_4_4	op	[4, 5, 6, 7]	0	0	22	1760078804476942	1760078804476942	3456334	3456334	0	comm	[1, 2048, 512]	torch.bfloat16
allgather_ring_4_4	op	[4, 5, 6, 7]	0	0	25	1760078804501930	1760078804501930	3481322	3481322	0	comm	[1, 2048, 64]	torch.bfloat16
allgather_ring_4_4	op	[4, 5, 6, 7]	0	0	26	1760078804502013	1760078804502013	3481405	3481405	0	comm	[1, 2048, 512]	torch.bfloat16
allgather_ring_4_4	op	[4, 5, 6, 7]	0	0	27	1760078804502868	1760078804502868	3482259	3482259	0	comm	[1, 2048, 64]	torch.bfloat16
allgather_ring_4_4	op	[4, 5, 6, 7]	0	0	28	1760078804502961	1760078804502961	3482352	3482352	0	comm	[1, 2048, 512]	torch.bfloat16
allgather_ring_4_4	op	[4, 5, 6, 7]	0	0	30	1760078804503646	1760078804503646	3483038	3483038	0	comm	[4, 512, 2048]	torch.bfloat16
allgather_ring_4_4	op	[4, 5, 6, 7]	0	0	31	1760078804503941	1760078804503941	3483333	3483333	0	comm	[4, 512, 2048]	torch.bfloat16
allreduce_ring_4_1	op	[4, 5, 6, 7]	0	0	34	1760078804513689	1760078804513689	3493081	3493081	0	comm	1	torch.float32
allreduce_ring_4_1	op	[4, 5, 6, 7]	0	0	35	1760078804513733	1760078804513733	3493125	3493125	0	comm	1	torch.float32
allgather_ring_4_4	op	[4, 5, 6, 7]	0	0	37	1760078804515101	1760078804515101	3494493	3494493	0	comm	[1, 2048, 2048]	torch.bfloat16
allreduce_ring_4_1	op	[4, 5, 6, 7]	0	0	39	1760078804517647	1760078804517647	3497039	3497039	0	comm	1	torch.float32
allreduce_ring_4_1	op	[4, 5, 6, 7]	0	0	40	1760078804517711	1760078804517711	3497102	3497102	0	comm	[8192, 6]	torch.float32
allgather_ring_4_4	op	[4, 5, 6, 7]	0	0	42	1760078804518995	1760078804518995	3498387	3498387	0	comm	[1, 1, 2048, 64]	torch.bfloat16
allgather_ring_4_4	op	[4, 5, 6, 7]	0	0	43	1760078804519777	1760078804519777	3499169	3499169	0	comm	[1, 2048, 512]	torch.bfloat16
allgather_ring_4_4	op	[4, 5, 6, 7]	0	0	44	1760078804521525	1760078804521525	3500917	3500917	0	comm	[1, 1, 2048, 64]	torch.bfloat16
allgather_ring_4_4	op	[4, 5, 6, 7]	0	0	45	1760078804522294	1760078804522294	3501686	3501686	0	comm	[1, 2048, 512]	torch.bfloat16
allgather_ring_4_4	op	[4, 5, 6, 7]	0	0	48	1760078804524514	1760078804524514	3503906	3503906	0	comm	[1, 2048, 64]	torch.bfloat16
allgather_ring_4_4	op	[4, 5, 6, 7]	0	0	49	1760078804524593	1760078804524593	3503984	3503984	0	comm	[1, 2048, 512]	torch.bfloat16
allgather_ring_4_4	op	[4, 5, 6, 7]	0	0	50	1760078804525381	1760078804525381	3504773	3504773	0	comm	[1, 2048, 64]	torch.bfloat16
allgather_ring_4_4	op	[4, 5, 6, 7]	0	0	51	1760078804525463	1760078804525463	3504855	3504855	0	comm	[1, 2048, 512]	torch.bfloat16
allgather_ring_4_4	op	[4, 5, 6, 7]	0	0	53	1760078804526102	1760078804526102	3505494	3505494	0	comm	[4, 512, 2048]	torch.bfloat16
allgather_ring_4_4	op	[4, 5, 6, 7]	0	0	54	1760078804526353	1760078804526353	3505744	3505744	0	comm	[4, 512, 2048]	torch.bfloat16
allreduce_ring_4_1	op	[4, 5, 6, 7]	0	0	57	1760078804582388	1760078804582388	3561780	3561780	0	comm	1	torch.float32
allreduce_ring_4_1	op	[4, 5, 6, 7]	0	0	58	1760078804582432	1760078804582432	3561824	3561824	0	comm	1	torch.float32
allgather_ring_4_4	op	[4, 5, 6, 7]	0	0	60	1760078804583617	1760078804583617	3563009	3563009	0	comm	[1, 2048, 2048]	torch.bfloat16
allreduce_ring_4_1	op	[4, 5, 6, 7]	0	0	62	1760078804585851	1760078804585851	3565243	3565243	0	comm	1	torch.float32
allreduce_ring_4_1	op	[4, 5, 6, 7]	0	0	63	1760078804585910	1760078804585910	3565302	3565302	0	comm	[8192, 6]	torch.float32
allgather_ring_4_4	op	[4, 5, 6, 7]	0	0	65	1760078804587144	1760078804587144	3566536	3566536	0	comm	[1, 1, 2048, 64]	torch.bfloat16
allgather_ring_4_4	op	[4, 5, 6, 7]	0	0	66	1760078804587918	1760078804587918	3567310	3567310	0	comm	[1, 2048, 512]	torch.bfloat16
allgather_ring_4_4	op	[4, 5, 6, 7]	0	0	67	1760078804589650	1760078804589650	3569041	3569041	0	comm	[1, 1, 2048, 64]	torch.bfloat16
allgather_ring_4_4	op	[4, 5, 6, 7]	0	0	68	1760078804590402	1760078804590402	3569793	3569793	0	comm	[1, 2048, 512]	torch.bfloat16
allgather_ring_4_4	op	[4, 5, 6, 7]	0	0	71	1760078804592517	1760078804592517	3571908	3571908	0	comm	[1, 2048, 64]	torch.bfloat16
allgather_ring_4_4	op	[4, 5, 6, 7]	0	0	72	1760078804592597	1760078804592597	3571989	3571989	0	comm	[1, 2048, 512]	torch.bfloat16
allgather_ring_4_4	op	[4, 5, 6, 7]	0	0	73	1760078804593368	1760078804593368	3572760	3572760	0	comm	[1, 2048, 64]	torch.bfloat16
allgather_ring_4_4	op	[4, 5, 6, 7]	0	0	74	1760078804593448	1760078804593448	3572840	3572840	0	comm	[1, 2048, 512]	torch.bfloat16
allgather_ring_4_4	op	[4, 5, 6, 7]	0	0	76	1760078804594091	1760078804594091	3573483	3573483	0	comm	[4, 512, 2048]	torch.bfloat16
allgather_ring_4_4	op	[4, 5, 6, 7]	0	0	77	1760078804594335	1760078804594335	3573727	3573727	0	comm	[4, 512, 2048]	torch.bfloat16
allreduce_ring_4_1	op	[4, 5, 6, 7]	0	0	80	1760078804651446	1760078804651446	3630838	3630838	0	comm	1	torch.float32
allreduce_ring_4_1	op	[4, 5, 6, 7]	0	0	81	1760078804651494	1760078804651494	3630886	3630886	0	comm	1	torch.float32
allgather_ring_4_4	op	[4, 5, 6, 7]	0	0	83	1760078804652532	1760078804652532	3631924	3631924	0	comm	[1, 2048, 2048]	torch.bfloat16
allreduce_ring_4_1	op	[4, 5, 6, 7]	0	0	85	1760078804654866	1760078804654866	3634258	3634258	0	comm	1	torch.float32
allreduce_ring_4_1	op	[4, 5, 6, 7]	0	0	86	1760078804654929	1760078804654929	3634321	3634321	0	comm	[8192, 6]	torch.float32
allgather_ring_4_4	op	[4, 5, 6, 7]	0	0	88	1760078804656176	1760078804656176	3635568	3635568	0	comm	[1, 1, 2048, 64]	torch.bfloat16
allgather_ring_4_4	op	[4, 5, 6, 7]	0	0	89	1760078804656926	1760078804656926	3636318	3636318	0	comm	[1, 2048, 512]	torch.bfloat16
allgather_ring_4_4	op	[4, 5, 6, 7]	0	0	90	1760078804658647	1760078804658647	3638039	3638039	0	comm	[1, 1, 2048, 64]	torch.bfloat16
allgather_ring_4_4	op	[4, 5, 6, 7]	0	0	91	1760078804659428	1760078804659428	3638819	3638819	0	comm	[1, 2048, 512]	torch.bfloat16
allgather_ring_4_4	op	[4, 5, 6, 7]	0	0	94	1760078804661553	1760078804661553	3640945	3640945	0	comm	[1, 2048, 64]	torch.bfloat16
allgather_ring_4_4	op	[4, 5, 6, 7]	0	0	95	1760078804661633	1760078804661633	3641025	3641025	0	comm	[1, 2048, 512]	torch.bfloat16
allgather_ring_4_4	op	[4, 5, 6, 7]	0	0	96	1760078804662390	1760078804662390	3641782	3641782	0	comm	[1, 2048, 64]	torch.bfloat16
allgather_ring_4_4	op	[4, 5, 6, 7]	0	0	97	1760078804662466	1760078804662466	3641858	3641858	0	comm	[1, 2048, 512]	torch.bfloat16
allgather_ring_4_4	op	[4, 5, 6, 7]	0	0	99	1760078804663097	1760078804663097	3642489	3642489	0	comm	[4, 512, 2048]	torch.bfloat16
allgather_ring_4_4	op	[4, 5, 6, 7]	0	0	100	1760078804663355	1760078804663355	3642747	3642747	0	comm	[4, 512, 2048]	torch.bfloat16
allreduce_ring_4_1	op	[4, 5, 6, 7]	0	0	103	1760078804720706	1760078804720706	3700098	3700098	0	comm	1	torch.float32
allreduce_ring_4_1	op	[4, 5, 6, 7]	0	0	104	1760078804720744	1760078804720744	3700136	3700136	0	comm	1	torch.float32
allgather_ring_4_4	op	[4, 5, 6, 7]	0	0	106	1760078804722227	1760078804722227	3701619	3701619	0	comm	[1, 2048, 2048]	torch.bfloat16
allreduce_ring_4_1	op	[4, 5, 6, 7]	0	0	108	1760078804725066	1760078804725066	3704458	3704458	0	comm	1	torch.float32
allreduce_ring_4_1	op	[4, 5, 6, 7]	0	0	109	1760078804725145	1760078804725145	3704537	3704537	0	comm	[8192, 6]	torch.float32
allgather_ring_4_4	op	[4, 5, 6, 7]	0	0	111	1760078804726739	1760078804726739	3706130	3706130	0	comm	[1, 1, 2048, 64]	torch.bfloat16
allgather_ring_4_4	op	[4, 5, 6, 7]	0	0	112	1760078804727751	1760078804727751	3707143	3707143	0	comm	[1, 2048, 512]	torch.bfloat16
allgather_ring_4_4	op	[4, 5, 6, 7]	0	0	113	1760078804730005	1760078804730005	3709397	3709397	0	comm	[1, 1, 2048, 64]	torch.bfloat16
allgather_ring_4_4	op	[4, 5, 6, 7]	0	0	114	1760078804730988	1760078804730988	3710380	3710380	0	comm	[1, 2048, 512]	torch.bfloat16
allgather_ring_4_4	op	[4, 5, 6, 7]	0	0	117	1760078804733513	1760078804733513	3712905	3712905	0	comm	[1, 2048, 64]	torch.bfloat16
allgather_ring_4_4	op	[4, 5, 6, 7]	0	0	118	1760078804733592	1760078804733592	3712984	3712984	0	comm	[1, 2048, 512]	torch.bfloat16
allgather_ring_4_4	op	[4, 5, 6, 7]	0	0	119	1760078804734342	1760078804734342	3713734	3713734	0	comm	[1, 2048, 64]	torch.bfloat16
allgather_ring_4_4	op	[4, 5, 6, 7]	0	0	120	1760078804734421	1760078804734421	3713813	3713813	0	comm	[1, 2048, 512]	torch.bfloat16
allgather_ring_4_4	op	[4, 5, 6, 7]	0	0	122	1760078804735044	1760078804735044	3714436	3714436	0	comm	[4, 512, 2048]	torch.bfloat16
allgather_ring_4_4	op	[4, 5, 6, 7]	0	0	123	1760078804735286	1760078804735286	3714678	3714678	0	comm	[4, 512, 2048]	torch.bfloat16
allreduce_ring_4_1	op	[4, 5, 6, 7]	0	0	126	1760078804789291	1760078804789291	3768683	3768683	0	comm	1	torch.float32
allreduce_ring_4_1	op	[4, 5, 6, 7]	0	0	127	1760078804789328	1760078804789328	3768720	3768720	0	comm	1	torch.float32
allgather_ring_4_4	op	[4, 5, 6, 7]	0	0	129	1760078804790651	1760078804790651	3770043	3770043	0	comm	[1, 2048, 2048]	torch.bfloat16
allreduce_ring_4_1	op	[4, 5, 6, 7]	0	0	131	1760078804793397	1760078804793397	3772789	3772789	0	comm	1	torch.float32
allreduce_ring_4_1	op	[4, 5, 6, 7]	0	0	132	1760078804793473	1760078804793473	3772865	3772865	0	comm	[8192, 6]	torch.float32
allgather_ring_4_4	op	[4, 5, 6, 7]	0	0	134	1760078804795080	1760078804795080	3774472	3774472	0	comm	[1, 1, 2048, 64]	torch.bfloat16
allgather_ring_4_4	op	[4, 5, 6, 7]	0	0	135	1760078804796093	1760078804796093	3775485	3775485	0	comm	[1, 2048, 512]	torch.bfloat16
allgather_ring_4_4	op	[4, 5, 6, 7]	0	0	136	1760078804798341	1760078804798341	3777733	3777733	0	comm	[1, 1, 2048, 64]	torch.bfloat16
allgather_ring_4_4	op	[4, 5, 6, 7]	0	0	137	1760078804799308	1760078804799308	3778700	3778700	0	comm	[1, 2048, 512]	torch.bfloat16
allgather_ring_4_4	op	[4, 5, 6, 7]	0	0	140	1760078804801814	1760078804801814	3781206	3781206	0	comm	[1, 2048, 64]	torch.bfloat16
allgather_ring_4_4	op	[4, 5, 6, 7]	0	0	141	1760078804801892	1760078804801892	3781284	3781284	0	comm	[1, 2048, 512]	torch.bfloat16
allgather_ring_4_4	op	[4, 5, 6, 7]	0	0	142	1760078804802641	1760078804802641	3782033	3782033	0	comm	[1, 2048, 64]	torch.bfloat16
allgather_ring_4_4	op	[4, 5, 6, 7]	0	0	143	1760078804802717	1760078804802717	3782109	3782109	0	comm	[1, 2048, 512]	torch.bfloat16
allgather_ring_4_4	op	[4, 5, 6, 7]	0	0	145	1760078804803358	1760078804803358	3782750	3782750	0	comm	[4, 512, 2048]	torch.bfloat16
allgather_ring_4_4	op	[4, 5, 6, 7]	0	0	146	1760078804803606	1760078804803606	3782998	3782998	0	comm	[4, 512, 2048]	torch.bfloat16
allreduce_ring_4_1	op	[4, 5, 6, 7]	0	0	149	1760078804858061	1760078804858061	3837453	3837453	0	comm	1	torch.float32
allreduce_ring_4_1	op	[4, 5, 6, 7]	0	0	150	1760078804858100	1760078804858100	3837492	3837492	0	comm	1	torch.float32
allgather_ring_4_4	op	[4, 5, 6, 7]	0	0	152	1760078804859684	1760078804859684	3839076	3839076	0	comm	[1, 2048, 2048]	torch.bfloat16
allreduce_ring_4_1	op	[4, 5, 6, 7]	0	0	154	1760078804863243	1760078804863243	3842635	3842635	0	comm	1	torch.float32
allreduce_ring_4_1	op	[4, 5, 6, 7]	0	0	155	1760078804863362	1760078804863362	3842754	3842754	0	comm	[8192, 6]	torch.float32
allgather_ring_4_4	op	[4, 5, 6, 7]	0	0	157	1760078804865460	1760078804865460	3844852	3844852	0	comm	[1, 1, 2048, 64]	torch.bfloat16
allgather_ring_4_4	op	[4, 5, 6, 7]	0	0	158	1760078804866793	1760078804866793	3846184	3846184	0	comm	[1, 2048, 512]	torch.bfloat16
allgather_ring_4_4	op	[4, 5, 6, 7]	0	0	159	1760078804869854	1760078804869854	3849246	3849246	0	comm	[1, 1, 2048, 64]	torch.bfloat16
allgather_ring_4_4	op	[4, 5, 6, 7]	0	0	160	1760078804871182	1760078804871182	3850574	3850574	0	comm	[1, 2048, 512]	torch.bfloat16
allgather_ring_4_4	op	[4, 5, 6, 7]	0	0	163	1760078804874230	1760078804874230	3853621	3853621	0	comm	[1, 2048, 64]	torch.bfloat16
allgather_ring_4_4	op	[4, 5, 6, 7]	0	0	164	1760078804874306	1760078804874306	3853698	3853698	0	comm	[1, 2048, 512]	torch.bfloat16
allgather_ring_4_4	op	[4, 5, 6, 7]	0	0	165	1760078804875055	1760078804875055	3854447	3854447	0	comm	[1, 2048, 64]	torch.bfloat16
allgather_ring_4_4	op	[4, 5, 6, 7]	0	0	166	1760078804875131	1760078804875131	3854522	3854522	0	comm	[1, 2048, 512]	torch.bfloat16
allgather_ring_4_4	op	[4, 5, 6, 7]	0	0	168	1760078804875779	1760078804875779	3855171	3855171	0	comm	[4, 512, 2048]	torch.bfloat16
allgather_ring_4_4	op	[4, 5, 6, 7]	0	0	169	1760078804876018	1760078804876018	3855410	3855410	0	comm	[4, 512, 2048]	torch.bfloat16
allreduce_ring_4_1	op	[4, 5, 6, 7]	0	0	172	1760078804927197	1760078804927197	3906589	3906589	0	comm	1	torch.float32
allreduce_ring_4_1	op	[4, 5, 6, 7]	0	0	173	1760078804927235	1760078804927235	3906627	3906627	0	comm	1	torch.float32
allgather_ring_4_4	op	[4, 5, 6, 7]	0	0	175	1760078804929052	1760078804929052	3908444	3908444	0	comm	[1, 2048, 2048]	torch.bfloat16
allreduce_ring_4_1	op	[4, 5, 6, 7]	0	0	177	1760078804933161	1760078804933161	3912553	3912553	0	comm	1	torch.float32
allreduce_ring_4_1	op	[4, 5, 6, 7]	0	0	178	1760078804933275	1760078804933275	3912667	3912667	0	comm	[8192, 6]	torch.float32
allgather_ring_4_4	op	[4, 5, 6, 7]	0	0	180	1760078804935630	1760078804935630	3915022	3915022	0	comm	[1, 1, 2048, 64]	torch.bfloat16
allgather_ring_4_4	op	[4, 5, 6, 7]	0	0	181	1760078804937102	1760078804937102	3916494	3916494	0	comm	[1, 2048, 512]	torch.bfloat16
allgather_ring_4_4	op	[4, 5, 6, 7]	0	0	182	1760078804940468	1760078804940468	3919860	3919860	0	comm	[1, 1, 2048, 64]	torch.bfloat16
allgather_ring_4_4	op	[4, 5, 6, 7]	0	0	183	1760078804941919	1760078804941919	3921311	3921311	0	comm	[1, 2048, 512]	torch.bfloat16
allreduce_ring_8_1	op	[0, 1, 2, 3, 4, 5, 6, 7]	0	0	185	1760078804944729	1760078804944729	3924121	3924121	0	comm	[321792000]	torch.bfloat16
allreduce_ring_2_1	op	[3, 7]	0	0	186	1760078804944886	1760078804944886	3924278	3924278	0	comm	[132096]	torch.bfloat16
allreduce_ring_2_1	op	[3, 7]	0	0	187	1760078804944937	1760078804944937	3924329	3924329	0	comm	[190840832]	torch.bfloat16
allreduce_ring_2_1	op	[3, 7]	0	0	188	1760078804945272	1760078804945272	3924664	3924664	0	comm	1	torch.float64
allreduce_ring_2_1	op	[3, 7]	0	0	189	1760078804990121	1760078804990121	3969513	3969513	0	comm	1	torch.float64
allreduce_ring_2_1	op	[3, 7]	0	0	190	1760078804990159	1760078804990159	3969551	3969551	0	comm	1	torch.int64
allreduce_ring_8_1	op	[0, 1, 2, 3, 4, 5, 6, 7]	0	0	192	1760078805007183	1760078805007183	3986575	3986575	0	comm	1	torch.float64
